0.359875   40   0.359858    45    0.369129   40    0.376981   45
0.396851   46   0.396849    51    0.396850   46    0.396847   51
0.437381   52   0.435077    57    0.423642   52    0.430400   57
0.471376   58   0.471373    63    0.469171   58    0.469168   63
0.534060   64   0.520220    69    0.507055   64    0.509748   69
0.554488   70   0.548646    75    0.542665   70    0.539790   75
0.592707   76   0.583418    81    0.573709   76    0.585911   81
0.625793   82   0.615958    87    0.608495   82    0.611726   87
0.647025   88   0.643594    93    0.639493   88    0.653093   93
0.702508   94   0.673827    99    0.672901   94    0.680014   99
