0.204167  0.966796   0.248251  0.961591   0.221482  1.249302   0.252622  1.007778   0.147997  0.647219   0.169884  0.599624   0.172120  0.720762   0.147701  0.530232   0.338008  1.425683   0.323678  1.366641   
0.285388  1.446964   0.321157  1.417393   0.312978  1.694931   0.327722  1.442018   0.188408  0.897015   0.192878  0.742445   0.203096  0.888908   0.164164  0.628452   0.448502  2.034468   0.439025  1.934113   
0.348683  1.861474   0.374686  1.646464   0.369639  2.031287   0.383074  1.678355   0.232848  1.172709   0.217910  0.872468   0.238683  1.078133   0.188385  0.732588   0.534051  2.417244   0.531988  2.442824   
0.396820  2.224797   0.427238  1.854001   0.419325  2.332635   0.432932  1.861391   0.273018  1.409334   0.235251  0.971139   0.278922  1.285203   0.221548  0.868686   0.603669  2.744562   0.609669  2.809568   
0.446461  2.519480   0.475063  2.042364   0.467588  2.618903   0.475100  2.058447   0.310829  1.663626   0.250687  1.069276   0.314967  1.474462   0.251178  0.982906   0.672655  3.054827   0.674158  3.112740   
0.493135  2.834365   0.519023  2.213166   0.519215  2.920277   0.522766  2.214025   0.337818  1.913805   0.266530  1.183462   0.346576  1.673971   0.281225  1.084485   0.732291  3.271498   0.737913  3.392409   
0.539394  3.158472   0.558338  2.383281   0.572610  3.248392   0.566197  2.366363   0.372186  2.240093   0.297804  1.298934   0.397275  1.915850   0.314044  1.077908   0.786101  3.531268   0.785717  3.630495   
0.589804  3.459307   0.578215  2.476694   0.624041  3.539924   0.617364  2.549422   0.394477  2.496790   0.322377  1.423391   0.422936  2.063581   0.334877  1.133445   0.839210  3.748004   0.840661  3.896082   
0.622023  3.734276   0.598074  2.599479   0.685712  3.961662   0.664140  2.711532   0.405356  2.622075   0.337326  1.499106   0.450934  2.224765   0.356043  1.190964   0.899111  3.983351   0.892269  4.141297   
0.657572  3.969069   0.626137  2.715846   0.744093  4.275521   0.712878  2.909181   0.421139  2.803831   0.362653  1.675671   0.470534  2.337602   0.386702  1.230760   0.957705  4.218756   0.947384  4.309904   
